image_width: 640
image_height: 480
camera_name: left
camera_matrix:
  rows: 3
  cols: 3
  data: [352.5919003872544, 0, 333.1172416229754, 0, 351.9449470919398, 225.8701083375193, 0, 0, 1]
distortion_model: plumb_bob
distortion_coefficients:
  rows: 1
  cols: 5
  data: [-0.3695280929427313, 0.09350688822901104, -0.006044024623150858, 0.000951696274321855, 0]
rectification_matrix:
  rows: 3
  cols: 3
  data: [0.9698035268552764, -0.01272383933415858, 0.2435553801739262, 0.01346905270036917, 0.9999083156536809, -0.001394598857592375, -0.2435153053063028, 0.004632947141662479, 0.9698859891154015]
projection_matrix:
  rows: 3
  cols: 4
  data: [306.9298397784553, 0, 229.6315116882324, 0, 0, 306.9298397784553, 222.7800912857056, 0, 0, 0, 1, 0]