image_width: 640
image_height: 480
camera_name: left
camera_matrix:
  rows: 3
  cols: 3
  data: [293.99005717362, 0, 316.3526500570878, 0, 295.235177782686, 218.9067601941532, 0, 0, 1]
distortion_model: plumb_bob
distortion_coefficients:
  rows: 1
  cols: 5
  data: [-0.2480806173554785, 0.03770472951146971, 0.0004144674463499251, 0.001691082079100459, 0]
rectification_matrix:
  rows: 3
  cols: 3
  data: [0.9988621600895279, -0.02651419710436131, 0.03964066716382706, 0.02648137997855739, 0.99964839140276, 0.001352804607335418, -0.0396625976924545, -0.000301525762493316, 0.9992130840949297]
projection_matrix:
  rows: 3
  cols: 4
  data: [244.3900433398666, 0, 307.9450969696045, 0, 0, 244.3900433398666, 219.9423522949219, 0, 0, 0, 1, 0]