image_width: 640
image_height: 480
camera_name: left
camera_matrix:
  rows: 3
  cols: 3
  data: [365.674473591126, 0, 342.7936885008525, 0, 365.7133741299984, 236.3306443938725, 0, 0, 1]
distortion_model: plumb_bob
distortion_coefficients:
  rows: 1
  cols: 5
  data: [-0.384498070594067, 0.09185761722252241, -0.01021102264638239, -0.005050259140094574, 0]
rectification_matrix:
  rows: 3
  cols: 3
  data: [0.9848179599584169, 0.006332824447081385, 0.1734747274903875, -0.006219884066163875, 0.9999799427097531, -0.001194663300897692, -0.1734788136503856, 9.75331814276662e-05, 0.9848375966126258]
projection_matrix:
  rows: 3
  cols: 4
  data: [304.7948351197889, 0, 274.4232559204102, 0, 0, 304.7948351197889, 232.2308750152588, 0, 0, 0, 1, 0]