image_width: 640
image_height: 480
camera_name: right
camera_matrix:
  rows: 3
  cols: 3
  data: [291.1105802890695, 0, 334.3461701214849, 0, 292.5858021879629, 217.6015023275573, 0, 0, 1]
distortion_model: plumb_bob
distortion_coefficients:
  rows: 1
  cols: 5
  data: [-0.2438743447276866, 0.03653333977820053, 0.002243755120292578, 0.0009700794029500025, 0]
rectification_matrix:
  rows: 3
  cols: 3
  data: [0.9992421629814215, -0.02991734787562936, 0.02490084368648363, 0.02993794450822262, 0.9995516558679237, -0.0004546760541395122, -0.02487607683765063, 0.001199811560288074, 0.9996898225216595]
projection_matrix:
  rows: 3
  cols: 4
  data: [244.3900433398666, 0, 307.9450969696045, -12.18356520023002, 0, 244.3900433398666, 219.9423522949219, 0, 0, 0, 1, 0]