image_width: 640
image_height: 480
camera_name: right
camera_matrix:
  rows: 3
  cols: 3
  data: [337.9619817246835, 0, 349.251983228363, 0, 335.8520516441906, 225.9073870521286, 0, 0, 1]
distortion_model: plumb_bob
distortion_coefficients:
  rows: 1
  cols: 5
  data: [-0.3647059412244846, 0.092224255020429, -0.003963404025940838, 0.003608290078457221, 0]
rectification_matrix:
  rows: 3
  cols: 3
  data: [0.9800644863469113, -0.01677001274172501, 0.1979706273016457, 0.01616572148639106, 0.9998584281252287, 0.004668314018048576, -0.198020887914354, -0.001374910756760338, 0.9801968361354885]
projection_matrix:
  rows: 3
  cols: 4
  data: [306.9298397784553, 0, 229.6315116882324, -16.43523474634818, 0, 306.9298397784553, 222.7800912857056, 0, 0, 0, 1, 0]