image_width: 640
image_height: 480
camera_name: right
camera_matrix:
  rows: 3
  cols: 3
  data: [357.5076437712271, 0, 344.6808410163684, 0, 357.3431594784454, 235.8737581594594, 0, 0, 1]
distortion_model: plumb_bob
distortion_coefficients:
  rows: 1
  cols: 5
  data: [-0.3912140808754251, 0.1005978515080467, -0.009821527052605141, -0.002205948555506135, 0]
rectification_matrix:
  rows: 3
  cols: 3
  data: [0.9945433810222502, 0.002419584554711834, 0.1042957759231594, -0.002487319053021957, 0.9999967717348931, 0.0005193878327535257, -0.1042941825259671, -0.0007759706018518986, 0.9945461886513191]
projection_matrix:
  rows: 3
  cols: 4
  data: [304.7948351197889, 0, 274.4232559204102, -16.18072855192626, 0, 304.7948351197889, 232.2308750152588, 0, 0, 0, 1, 0]